40 12
0 0 1 1 1 0 0 0 1 1 1 1 1 1 1 0 0 0 0 0 0 0 0 0 1 0 0 0 0 1 0 0 1 1 1 1 1 0 0 1 
0 1 0 0 0 1 0 0 1 0 0 0 0 0 0 0 0 0 0 0 0 0 0 0 1 0 0 0 0 1 0 0 0 0 0 0 1 0 0 1 
1 0 0 0 0 0 1 0 1 0 0 0 0 0 0 0 0 0 0 0 0 0 0 0 1 0 0 0 0 1 0 0 0 0 0 0 1 0 1 1 
1 0 0 0 0 0 1 0 1 0 0 0 0 0 0 0 0 0 0 0 0 0 0 1 0 1 0 0 0 1 0 0 1 1 1 1 1 0 0 1 
0 1 0 0 0 1 0 0 1 0 0 0 0 0 0 0 0 0 0 0 0 0 1 0 0 0 1 0 0 1 0 0 1 0 0 0 0 0 1 1 
0 0 1 1 1 0 0 0 1 1 1 1 1 1 1 0 0 0 0 0 0 1 0 0 0 0 0 1 0 1 0 0 1 0 0 0 0 0 0 1 
0 0 0 0 0 0 0 0 0 0 0 0 0 0 0 0 0 0 0 0 0 0 0 0 0 0 0 0 0 1 0 0 1 1 1 1 1 0 0 1 
1 1 1 1 1 1 1 0 0 0 0 0 0 0 0 0 0 0 0 0 0 0 1 1 1 1 1 1 1 1 0 0 0 0 0 0 0 0 0 0 
0 0 0 1 0 0 0 0 0 0 0 1 0 0 0 0 0 0 0 0 0 0 0 0 0 0 0 0 0 1 0 0 1 1 1 1 1 1 1 1 
1 0 0 1 0 0 0 0 0 0 0 1 0 0 0 0 0 0 0 0 0 0 1 1 1 1 1 1 1 1 0 0 0 0 0 0 0 0 0 1 
1 0 0 0 0 0 0 0 0 0 0 1 0 0 0 0 0 0 0 0 0 0 1 0 0 0 0 0 0 0 0 0 0 0 0 0 0 0 0 1 
1 1 1 1 1 1 1 0 1 1 1 1 1 1 1 0 0 0 0 0 0 0 1 1 1 1 1 1 1 1 0 0 0 0 0 0 0 0 0 1 

모모뫠뫠뫠모모모모모모모모모모모모모모모모모모모모모모모모모모모모모뫠모모모모뫠모모뫠뫠뫠뫠뫠모모뫠
모뫠모모모뫠모모뫠모모모모모뫠모모모모모모모모모모모모모모모모모모모뫠모모모모뫠모모모모모모뫠모모뫠
뫠모모모모모뫠모뫠모모모모모뫠모모모모모모모모뫠모모모모모모모모모모뫠모모모모뫠모모모모모모뫠모뫠뫠
뫠모모모모모뫠모뫠모모모모모뫠모뫠뫠뫠뫠뫠뫠모뫠모모모모모모모모모뫠모뫠모모모뫠모모뫠뫠뫠뫠뫠모모뫠
모뫠모모모뫠모모뫠뫠뫠뫠뫠뫠뫠모뫠모모모모모모뫠모모모모모모모모뫠모모모뫠모모뫠모모뫠모모모모모뫠뫠
모모뫠뫠뫠모모모뫠모모모모모뫠모뫠모모모모모모뫠모모모모모모모뫠모모모모모뫠모뫠모모뫠모모모모모모뫠
모모모모모모모모뫠모모모모모뫠모뫠모모모모모모뫠뫠뫠모모모모모모모모모모모모모뫠모모뫠뫠뫠뫠뫠모모뫠
뫠뫠뫠뫠뫠뫠뫠모뫠뫠뫠뫠뫠뫠뫠모뫠모모모모모모뫠모모모모모모모모뫠뫠뫠뫠뫠뫠뫠뫠모모모모모모모모모모
모모모뫠모모모모모모모모모모모모뫠뫠뫠뫠뫠뫠모뫠모모모모모모모모모모모모모모모뫠모모뫠뫠뫠뫠뫠뫠뫠뫠
뫠모모뫠모모모모모모모뫠모모모모모모모모모모모뫠모모모모모모모모뫠뫠뫠뫠뫠뫠뫠뫠모모모모모모모모모뫠
뫠모모모모모모모모모모뫠모모모모모모모모모모모뫠모모모모모모모모뫠모모모모모모모모모모모모모모모모뫠
뫠뫠뫠뫠뫠뫠뫠모뫠뫠뫠뫠뫠뫠뫠모모모모모모모모모모모모모모모모모뫠뫠뫠뫠뫠뫠뫠뫠모모모모모모모모모뫠

匣匣棨棨棨匣匣匣匣匣匣匣匣匣匣匣匣匣匣匣匣匣匣匣匣匣匣匣匣匣匣匣匣匣棨匣匣匣匣棨匣匣棨棨棨棨棨匣匣
匣棨匣匣匣棨匣匣棨匣匣匣匣匣棨匣匣匣匣匣匣匣匣匣匣匣匣匣匣匣匣匣匣匣棨匣匣匣匣棨匣匣匣匣匣匣棨匣匣
뫠匣匣匣匣匣棨匣棨匣匣匣匣匣棨匣匣匣匣匣匣匣匣棨匣匣匣匣匣匣匣匣匣匣棨匣匣匣匣棨匣匣匣匣匣匣棨匣棨
뫠匣匣匣匣匣棨匣棨匣匣匣匣匣棨匣棨棨棨棨棨棨匣棨匣匣匣匣匣匣匣匣匣棨匣棨匣匣匣棨匣匣棨棨棨棨棨匣匣
匣棨匣匣匣棨匣匣棨棨棨棨棨棨棨匣棨匣匣匣匣匣匣棨匣匣匣匣匣匣匣匣棨匣匣匣棨匣匣棨匣匣棨匣匣匣匣匣棨
匣匣棨棨棨匣匣匣棨匣匣匣匣匣棨匣棨匣匣匣匣匣匣棨匣匣匣匣匣匣匣棨匣匣匣匣匣棨匣棨匣匣棨匣匣匣匣匣匣
匣匣匣匣匣匣匣匣棨匣匣匣匣匣棨匣棨匣匣匣匣匣匣棨棨棨匣匣匣匣匣匣匣匣匣匣匣匣匣棨匣匣棨棨棨棨棨匣匣
뫠뫠뫠뫠뫠뫠뫠匣棨棨棨棨棨棨棨匣棨匣匣匣匣匣匣棨匣匣匣匣匣匣匣匣棨棨棨棨棨棨棨棨匣匣匣匣匣匣匣匣匣
匣匣匣棨匣匣匣匣匣匣匣匣匣匣匣匣棨棨棨棨棨棨匣棨匣匣匣匣匣匣匣匣匣匣匣匣匣匣匣棨匣匣棨棨棨棨棨棨棨
뫠匣匣棨匣匣匣匣匣匣匣棨匣匣匣匣匣匣匣匣匣匣匣棨匣匣匣匣匣匣匣匣棨棨棨棨棨棨棨棨匣匣匣匣匣匣匣匣匣
뫠匣匣匣匣匣匣匣匣匣匣棨匣匣匣匣匣匣匣匣匣匣匣棨匣匣匣匣匣匣匣匣棨匣匣匣匣匣匣匣匣匣匣匣匣匣匣匣匣
뫠뫠뫠뫠뫠뫠뫠匣棨棨棨棨棨棨棨匣匣匣匣匣匣匣匣匣匣匣匣匣匣匣匣匣棨棨棨棨棨棨棨棨匣匣匣匣匣匣匣匣匣